Klasyfikator: SVM (ulepszony)
Test accuracy: 0.9821
CV accuracy:   0.8698 ± 0.0302

              precision    recall  f1-score   support

        ct_1       1.00      1.00      1.00        78
       ct_10       0.99      0.99      0.99       106
        ct_2       1.00      1.00      1.00        82
       ct_20       0.99      0.99      0.99       104
        ct_5       1.00      1.00      1.00        80
       ct_50       1.00      1.00      1.00       101
         e_1       1.00      1.00      1.00        91
         e_2       1.00      1.00      1.00       101
        gr_1       0.96      0.88      0.92        83
       gr_10       0.98      0.98      0.98        82
        gr_2       0.90      0.98      0.94        86
       gr_20       0.94      0.98      0.96        83
        gr_5       0.99      1.00      0.99        99
       gr_50       0.95      0.94      0.95        86
        zl_1       1.00      0.96      0.98        82
        zl_2       1.00      0.99      0.99        80
        zl_5       0.99      1.00      0.99        82

    accuracy                           0.98      1506
   macro avg       0.98      0.98      0.98      1506
weighted avg       0.98      0.98      0.98      1506
