Klasyfikator: KNN (ulepszony)
Test accuracy: 0.9276
CV accuracy:   0.7807 ± 0.0656

              precision    recall  f1-score   support

        ct_1       0.99      0.91      0.95        78
       ct_10       0.97      0.91      0.94       106
        ct_2       0.94      0.99      0.96        82
       ct_20       0.96      0.98      0.97       104
        ct_5       0.98      1.00      0.99        80
       ct_50       0.94      0.99      0.97       101
         e_1       0.95      0.85      0.90        91
         e_2       0.88      0.97      0.92       101
        gr_1       0.78      0.86      0.82        83
       gr_10       0.89      0.96      0.92        82
        gr_2       0.94      0.87      0.90        86
       gr_20       0.95      0.88      0.91        83
        gr_5       0.97      0.94      0.95        99
       gr_50       0.84      0.85      0.84        86
        zl_1       0.88      0.99      0.93        82
        zl_2       0.99      0.89      0.93        80
        zl_5       0.97      0.93      0.95        82

    accuracy                           0.93      1506
   macro avg       0.93      0.93      0.93      1506
weighted avg       0.93      0.93      0.93      1506
